{
    "BackCulling": true,
    "MipMapping": true,
    "TTSVolume": 0.336927205324173,
    "UseTTS": false,
    "ambientVolume": 41,
    "antiAliasingEnabled": true,
    "aspectRatio": 1.3355592489242554,
    "build": 1360,
    "buildSubVersion": 0,
    "buildVersion": 0,
    "chksum": 1.2575311164792508e+16,
    "current_money": 0,
    "dialogVolume": 45,
    "displayMode": 0,
    "enableVSync": true,
    "farPlane": 1000.0,
    "fov": 70.0,
    "joystickRotationSensitivity": 9.999999747378752e-05,
    "joystickSensitivity": 0.0010000000474974513,
    "level": 1,
    "masterVolume": 64,
    "maxPitch": 89.0,
    "microphoneVolume": 15.525607109069824,
    "minPitch": -89.0,
    "moveSensitivity": 9.999999747378752e-05,
    "msaaEnabled": false,
    "musicVolume": 11,
    "nearPlane": 0.10000000149011612,
    "playMusic": true,
    "refreshRate": 60,
    "rendererType": 3,
    "resolutionHeight": 600,
    "resolutionWidth": 800,
    "showDebugInfo": true,
    "zoomSensitivity": 0.0010000000474974513
}