{
    "BackCulling": true,
    "MipMapping": true,
    "TTSVolume": 0.336927205324173,
    "UseTTS": false,
    "ambientVolume": 55,
    "antiAliasingEnabled": true,
    "aspectRatio": 1.7777777777777777,
    "build": 1181,
    "buildSubVersion": 0,
    "buildVersion": 0,
    "chksum": 8.582511009522953e+15,
    "current_money": 0,
    "dialogVolume": 49,
    "displayMode": 0,
    "enableVSync": true,
    "farPlane": 1000.0,
    "fov": 60.0,
    "joystickRotationSensitivity": 9.999999747378752e-05,
    "joystickSensitivity": 0.0010000000474974513,
    "level": 1,
    "masterVolume": 64,
    "maxPitch": 89.0,
    "microphoneVolume": 17.52021598815918,
    "minPitch": -89.0,
    "moveSensitivity": 0.0005000000237487257,
    "msaaEnabled": false,
    "musicVolume": 8,
    "nearPlane": 0.10000000149011612,
    "playMusic": true,
    "refreshRate": 60,
    "rendererType": 0,
    "resolutionHeight": 600,
    "resolutionWidth": 800,
    "showDebugInfo": false,
    "zoomSensitivity": 0.004999999888241291
}