{
    "BackCulling": true,
    "MipMapping": true,
    "TTSVolume": 0.5000000000000001,
    "UseTTS": false,
    "ambientVolume": 36,
    "antiAliasingEnabled": true,
    "aspectRatio": 1.7777777777777777,
    "build": 1043,
    "buildSubVersion": 0,
    "buildVersion": 0,
    "chksum": 3.280096975305016e+15,
    "current_money": 0,
    "dialogVolume": 52,
    "displayMode": 2,
    "enableVSync": false,
    "farPlane": 1000.0,
    "fov": 60.0,
    "joystickRotationSensitivity": 0.0001000000474974511,
    "joystickSensitivity": 0.0009999997764825802,
    "level": 1,
    "masterVolume": 24,
    "maxPitch": 80.0,
    "microphoneVolume": 5.999999999999994,
    "minPitch": -80.0,
    "moveSensitivity": 0.00010000002374872567,
    "msaaEnabled": false,
    "musicVolume": 20,
    "nearPlane": 0.10000000149011612,
    "playMusic": true,
    "refreshRate": 60,
    "resolutionHeight": 600,
    "resolutionWidth": 800,
    "showDebugInfo": false,
    "zoomSensitivity": 0.000999999888241291
}