{
    "BackCulling": true,
    "MipMapping": true,
    "TTSVolume": 0.29999999999999966,
    "UseTTS": true,
    "ambientVolume": 64,
    "antiAliasingEnabled": true,
    "aspectRatio": 1.7777777777777777,
    "build": 1008,
    "buildSubVersion": 0,
    "buildVersion": 0,
    "chksum": 1.0637377212657348e+16,
    "current_money": 0,
    "dialogVolume": 47,
    "enableVSync": true,
    "farPlane": 1000.0,
    "fov": 60.0,
    "joystickRotationSensitivity": 0.0010000000474974513,
    "joystickSensitivity": 0.009999999776482582,
    "level": 1,
    "masterVolume": 32,
    "maxPitch": 89.0,
    "microphoneVolume": 2.5,
    "minPitch": -89.0,
    "moveSensitivity": 0.0005000000237487257,
    "msaaEnabled": false,
    "musicVolume": 15,
    "nearPlane": 0.10000000149011612,
    "playMusic": true,
    "zoomSensitivity": 0.004999999888241291
}