{
    "BackCulling": true,
    "MipMapping": true,
    "TTSVolume": 0.336927205324173,
    "UseTTS": false,
    "ambientVolume": 41,
    "antiAliasingEnabled": true,
    "aspectRatio": 1.3333333730697632,
    "build": 1478,
    "buildSubVersion": 0,
    "buildVersion": 0,
    "chksum": 9.491423573711072e+15,
    "current_money": 0,
    "dialogVolume": 52,
    "displayMode": 0,
    "enableVSync": false,
    "farPlane": 1000.0,
    "fov": 68.0,
    "joystickRotationSensitivity": 9.999999747378752e-05,
    "joystickSensitivity": 0.0010000000474974513,
    "level": 1,
    "masterVolume": 64,
    "maxPitch": 89.0,
    "microphoneVolume": 15.525607109069824,
    "minPitch": -89.0,
    "moveSensitivity": 9.999999747378752e-05,
    "msaaEnabled": true,
    "musicVolume": 14,
    "nearPlane": 0.10000000149011612,
    "playMusic": true,
    "refreshRate": 60,
    "rendererType": 1,
    "resolutionHeight": 480,
    "resolutionWidth": 640,
    "showDebugInfo": true,
    "zoomSensitivity": 0.0010000000474974513
}